
Shape distribution:
3 0 0 0 0 1 0 0 1 0 0 0 0 2 2 0 0 0 0 0 2 1 0 0 0 0 1 0 0 0 1 0 0 2 0 5 0 0 1 7 1 4 2 0 4 1 1 3 1 1 0 1 1 3 2 3 1 1 0 1 1 0 0 0 1 3 5 0 1 6 0 7 1 1 0 0 1 0 1 1 0 1 2 0 0 0 0 1 1 2 0 0 0 0 7 0 0 1 1 2 0 0 0 1 0 1 0 0 0 0 2 2 3 1 1 0 1 1 0 4 0 3 0 3 0 1 1 0 


Shape distribution:
3 0 0 0 0 1 0 0 2 0 0 0 0 2 3 0 0 0 0 1 0 1 0 0 0 0 1 0 0 0 2 0 1 5 0 3 0 0 1 6 1 6 2 0 8 1 0 3 1 0 0 1 1 3 2 2 2 0 0 1 2 0 0 0 0 5 3 0 2 4 0 8 1 0 0 0 1 1 1 0 0 0 2 0 0 0 0 1 0 1 0 0 0 0 7 1 1 1 0 2 0 0 0 1 0 1 0 0 0 0 2 3 5 1 1 0 1 1 0 6 0 3 0 2 0 2 1 0 


Shape distribution:
2 0 0 0 0 1 0 0 2 0 0 0 2 1 1 0 0 0 0 1 0 1 0 0 0 0 1 0 0 0 2 0 1 4 0 2 0 0 0 4 0 12 2 0 9 1 0 4 1 0 0 1 1 3 2 2 2 0 0 1 3 0 0 0 0 6 4 0 1 3 0 10 1 0 0 0 0 1 2 0 0 1 1 0 0 0 0 1 0 0 0 0 0 0 15 1 0 1 0 1 0 0 0 0 0 1 0 0 0 0 3 1 5 2 0 0 1 1 0 6 0 7 0 4 0 2 1 0 


Shape distribution:
2 0 0 0 0 1 0 0 2 0 0 0 0 1 2 1 0 0 0 1 1 0 0 0 0 0 1 0 0 0 2 0 1 3 1 0 0 0 0 5 2 8 2 1 4 2 0 3 1 0 0 2 0 2 2 4 0 0 0 0 0 0 0 0 0 9 5 0 6 1 2 10 1 0 0 0 1 1 1 0 0 0 1 1 0 0 0 1 0 0 0 0 0 0 12 1 0 2 0 0 0 0 0 0 0 1 0 0 0 0 2 2 3 2 0 0 3 0 0 7 0 2 1 4 0 2 0 0 


Shape distribution:
2 0 0 0 0 1 0 0 9 0 0 0 0 2 2 0 0 0 0 1 0 2 0 0 0 0 1 0 0 0 0 0 0 3 0 6 0 0 1 3 0 6 1 1 6 0 0 3 0 1 0 1 1 2 3 2 1 0 0 1 1 0 0 0 0 4 3 0 1 2 0 8 1 0 0 0 2 0 1 0 0 0 3 0 0 0 0 1 0 0 0 0 0 1 10 2 1 0 1 0 0 0 0 0 0 1 0 0 0 0 3 0 6 1 0 0 0 2 0 10 2 8 0 1 0 2 1 0 


Shape distribution:
2 0 0 0 0 1 0 0 6 0 0 0 0 1 2 1 0 0 0 1 0 1 0 0 0 0 1 0 0 0 0 0 0 3 0 6 0 0 1 1 0 6 3 2 2 0 0 3 1 1 0 1 1 3 1 3 2 1 0 0 0 0 1 0 0 9 4 0 0 2 0 6 2 0 0 0 3 1 2 0 0 0 1 0 0 0 0 1 0 0 0 0 2 1 19 1 0 0 0 0 0 0 0 0 0 0 0 1 0 0 4 3 10 1 0 0 1 0 0 7 1 11 2 3 2 3 0 1 


Shape distribution:
4 0 0 0 0 0 0 0 7 0 0 0 1 0 2 1 0 0 0 0 0 1 0 0 0 0 1 0 0 0 0 0 0 5 0 4 0 0 2 0 0 7 3 1 1 0 2 2 2 1 0 1 1 3 2 2 2 1 0 0 0 0 1 0 0 12 3 0 0 2 0 6 1 0 0 0 4 0 1 0 0 0 1 1 0 0 0 0 0 0 0 0 1 0 18 0 0 0 0 0 0 0 0 0 0 0 0 1 0 0 5 1 11 0 0 0 1 0 0 9 2 8 3 2 3 2 1 1 


Shape distribution:
2 0 0 0 0 0 0 0 5 1 0 0 1 0 2 1 0 0 0 0 0 1 0 0 0 1 0 0 0 0 0 0 0 5 0 1 0 0 5 0 0 7 3 2 1 0 1 2 4 0 0 1 1 5 1 3 2 1 0 0 0 0 3 0 0 15 8 1 1 1 0 11 1 0 0 1 2 1 1 0 0 0 1 0 0 0 0 0 0 0 0 0 2 0 13 0 1 0 0 0 0 0 0 0 0 1 0 0 0 0 7 2 7 0 0 0 0 0 1 5 2 10 0 1 2 3 2 1 


Shape distribution:
2 0 0 0 0 0 0 0 0 0 0 0 1 1 2 0 0 0 0 0 0 0 1 0 0 1 0 0 0 0 0 0 0 7 0 0 1 0 4 0 2 8 2 0 0 0 1 2 1 0 0 0 2 5 1 1 1 1 0 0 1 0 1 1 0 17 5 1 1 0 0 5 2 0 0 0 1 1 3 0 0 0 1 0 0 0 0 0 0 0 0 0 0 0 13 0 1 0 0 0 0 0 0 0 0 0 0 1 0 0 8 2 7 0 0 0 0 0 1 5 1 5 0 1 1 2 1 0 


Shape distribution:
0 0 0 0 0 0 0 0 3 0 0 0 1 0 2 1 0 0 0 0 0 0 1 0 0 1 0 0 0 0 0 0 0 8 0 2 0 0 6 0 0 6 6 1 1 0 0 6 4 0 0 1 1 1 1 1 3 1 0 0 0 0 0 0 0 11 2 0 3 1 0 9 2 1 1 0 1 1 1 0 0 0 1 0 0 0 0 0 0 0 0 0 2 0 12 0 1 0 0 0 0 0 0 0 0 1 0 0 0 0 5 1 3 2 0 0 0 0 1 6 1 10 0 1 0 1 2 1 


Shape distribution:
0 0 0 0 0 0 0 0 3 0 0 0 1 0 2 1 0 0 0 0 0 0 1 0 0 1 0 0 0 0 0 0 0 7 0 0 0 0 4 0 0 3 4 1 0 0 0 4 1 2 1 0 1 3 1 2 2 0 0 1 0 0 0 0 0 9 4 2 1 1 1 14 3 0 1 0 1 0 2 0 0 0 1 0 0 0 0 0 0 0 0 0 0 0 18 0 0 0 0 0 0 0 0 0 0 0 0 1 0 0 5 0 4 1 0 0 0 0 1 7 2 3 0 1 0 1 1 1 


Shape distribution:
0 0 0 0 0 0 0 0 2 0 0 0 1 0 2 1 0 0 0 0 0 0 0 0 1 1 0 0 0 0 0 0 0 7 0 0 0 0 0 0 0 2 3 1 0 0 0 4 2 1 1 0 1 7 2 1 2 0 0 1 0 0 0 0 0 10 6 1 1 2 0 14 4 0 1 0 1 0 0 0 1 0 0 1 0 0 0 0 0 0 0 0 0 0 16 0 0 0 0 0 0 0 0 0 0 0 0 1 0 0 5 0 3 6 0 0 1 0 0 4 1 4 0 1 0 1 5 1 


Shape distribution:
1 0 0 0 0 0 0 0 2 0 0 0 1 0 2 1 0 0 0 0 0 0 0 0 1 1 0 0 0 0 0 0 0 1 0 0 0 0 0 2 1 2 1 0 0 0 0 4 1 2 0 0 1 1 3 1 1 0 0 0 0 0 0 0 0 10 2 3 2 1 0 5 3 1 1 0 1 0 0 1 0 0 0 0 0 0 0 0 0 0 0 0 1 0 16 0 0 0 0 0 0 0 0 0 0 1 0 0 0 0 2 2 1 4 2 0 0 0 1 2 1 1 0 1 0 1 4 0 


Shape distribution:
0 0 0 0 0 0 0 0 0 0 0 0 1 0 2 1 0 0 0 0 0 0 0 0 2 0 0 0 0 0 0 0 0 0 0 0 0 0 0 4 0 2 0 2 0 0 0 4 1 0 0 0 1 2 0 1 2 0 0 0 0 0 0 0 0 4 2 1 2 1 0 9 2 1 1 0 1 0 0 1 0 0 0 0 0 0 0 0 0 0 0 0 2 0 5 0 0 0 0 0 0 0 0 0 0 0 0 1 0 0 0 1 1 6 1 0 0 0 1 1 1 1 0 1 0 1 6 1 


Shape distribution:
0 0 0 0 0 0 0 0 0 0 0 0 1 0 3 0 0 0 0 0 0 0 0 0 0 2 0 0 0 0 0 0 0 0 0 0 0 0 0 1 0 2 0 2 0 0 0 4 1 0 0 0 0 2 0 1 1 1 0 0 0 0 0 0 0 7 1 0 1 1 0 4 2 5 0 1 0 0 0 1 0 0 0 0 0 0 0 0 0 0 0 0 3 0 8 0 0 0 0 0 0 0 0 0 0 0 0 1 0 0 1 5 1 5 0 0 0 0 1 2 1 0 0 1 0 1 8 1 


Shape distribution:
1 0 0 0 0 0 0 0 0 0 0 0 1 0 4 0 0 0 0 0 0 0 0 1 0 1 0 0 0 0 0 0 0 0 0 0 0 0 0 1 0 3 0 2 0 0 0 4 1 0 0 0 0 1 1 0 1 1 0 0 0 0 0 0 0 5 1 0 1 1 0 4 1 5 0 0 0 1 0 1 0 0 0 0 0 0 0 0 0 0 1 0 4 0 7 0 0 0 0 0 0 0 0 0 0 0 0 1 0 0 1 4 1 5 0 0 0 0 2 1 1 0 0 1 0 2 7 2 


Shape distribution:
0 0 0 0 0 0 0 0 0 0 1 0 0 0 5 0 0 0 0 0 0 0 0 1 0 1 0 0 0 0 0 0 0 0 0 0 0 0 0 2 0 0 0 1 1 0 0 4 0 0 0 0 0 2 0 1 1 1 0 0 0 0 0 0 0 5 0 0 1 0 0 4 0 6 0 0 0 0 0 1 0 0 0 0 0 0 0 0 0 0 0 0 5 0 2 0 0 0 0 0 0 0 0 0 0 0 0 1 0 0 2 4 0 6 0 0 0 0 1 0 1 0 0 1 0 1 6 1 


Shape distribution:
0 0 0 0 0 0 0 0 0 0 1 0 0 0 3 0 0 0 0 0 0 0 0 1 0 1 0 0 0 0 0 0 0 0 0 0 0 0 0 3 0 2 0 1 0 1 0 3 0 1 0 0 0 2 0 0 2 0 0 0 0 0 0 0 0 3 0 1 1 0 0 4 0 6 1 0 0 0 0 1 0 0 0 0 0 0 0 0 0 0 0 0 4 0 8 0 0 0 0 0 0 0 0 0 0 0 0 1 0 0 2 6 0 8 0 0 0 1 0 0 1 0 0 1 0 0 3 2 


Shape distribution:
0 0 0 0 0 0 0 0 0 0 1 0 0 0 3 0 0 0 0 0 0 0 0 1 0 1 0 0 0 0 0 0 0 0 0 0 0 0 0 7 0 3 0 1 0 1 0 2 0 1 0 0 0 2 0 1 0 1 0 0 0 0 0 0 0 2 1 0 0 1 0 1 0 6 1 0 0 0 0 1 0 0 0 0 0 0 0 0 0 0 0 0 3 0 8 0 0 0 0 0 0 0 0 0 0 0 0 1 0 0 2 5 0 9 0 0 1 0 2 0 0 0 0 1 0 3 2 0 


Shape distribution:
0 0 0 0 0 0 0 0 0 0 1 0 0 0 3 0 0 0 0 0 0 0 0 0 0 2 0 0 0 0 0 0 0 0 0 0 0 0 0 2 0 4 0 1 0 1 0 2 1 0 0 0 0 2 0 1 1 0 0 0 0 0 0 0 0 0 1 0 1 0 0 2 0 5 0 0 0 0 0 1 0 0 0 0 0 0 0 0 0 0 0 0 3 2 6 0 0 0 0 0 0 0 0 0 0 0 0 0 1 0 0 2 0 3 0 1 0 0 1 0 0 0 0 1 0 1 2 2 


Shape distribution:
0 0 0 0 0 0 0 0 0 0 1 0 0 0 3 0 0 0 0 0 0 0 0 1 0 1 0 0 0 0 0 0 0 0 0 0 0 0 0 1 0 3 0 0 1 2 0 2 1 0 0 0 0 2 0 1 0 0 0 0 0 0 0 0 0 0 1 0 0 1 0 2 0 2 0 0 0 0 0 1 0 0 0 0 0 0 0 0 0 0 0 0 0 1 3 0 0 0 0 0 0 0 0 0 0 0 0 0 0 0 1 1 0 6 0 0 1 0 6 0 0 0 0 1 0 1 3 3 


Shape distribution:
0 0 0 0 0 0 0 0 0 0 1 0 0 0 4 0 0 0 0 0 0 0 0 1 0 1 0 0 0 0 0 0 0 0 0 0 0 0 0 2 0 5 0 0 1 1 0 2 1 0 0 0 0 2 1 0 0 0 0 0 0 0 0 0 0 1 0 0 0 1 0 1 0 2 0 0 0 0 0 1 0 0 0 0 0 0 0 0 0 0 0 0 4 1 6 0 0 0 0 0 0 0 0 0 0 0 0 0 1 0 0 2 0 2 0 0 1 0 6 0 0 0 0 1 0 1 3 0 


Shape distribution:
0 0 0 0 0 0 0 0 0 0 1 0 1 0 2 0 0 0 0 0 0 0 0 1 0 0 1 0 0 0 0 0 0 0 0 0 0 0 0 1 0 6 0 0 1 0 0 0 3 0 0 0 0 2 0 1 0 0 0 0 0 0 0 0 0 1 0 0 0 1 0 0 0 5 0 0 0 0 0 1 0 0 0 0 0 0 0 0 0 0 2 0 2 1 4 1 0 0 0 0 0 0 0 0 0 0 0 0 1 0 0 1 0 7 0 0 1 0 5 0 0 0 0 1 0 0 4 0 


Shape distribution:
0 0 0 0 0 0 0 0 1 0 0 0 0 0 3 0 0 0 0 0 0 0 0 1 0 0 1 0 0 0 0 0 0 0 0 0 0 0 0 0 0 8 0 1 0 1 0 3 0 0 0 0 0 2 0 1 0 0 0 0 0 0 0 0 0 0 0 1 1 0 0 1 0 8 0 0 0 0 0 1 0 0 0 0 0 0 0 0 0 0 2 0 1 1 5 0 0 0 0 0 0 0 0 0 0 0 0 0 1 0 0 2 0 8 1 0 1 0 2 0 0 0 0 1 0 0 4 0 


Shape distribution:
0 0 0 0 0 0 0 0 1 0 0 0 0 0 2 1 0 0 0 0 0 0 0 1 0 0 0 1 0 0 0 0 0 0 0 0 0 0 0 0 0 6 1 1 0 0 0 3 0 0 0 0 0 4 0 1 0 0 0 0 0 0 0 0 0 0 0 1 1 0 0 1 0 8 0 0 0 1 0 0 0 0 0 0 0 0 0 0 0 0 2 0 1 1 2 0 0 0 0 0 0 0 0 0 0 0 0 0 1 0 0 2 0 6 1 0 1 0 1 0 0 0 0 1 0 0 4 0 


Shape distribution:
0 0 0 0 0 0 0 0 1 0 0 0 0 0 3 0 0 0 0 0 0 0 0 1 0 0 0 1 0 0 0 0 0 0 0 0 0 0 0 0 0 9 0 0 1 0 0 3 0 0 0 0 0 2 1 0 0 0 0 0 0 0 0 0 0 0 0 1 1 0 0 0 0 8 0 0 0 1 0 0 0 0 0 0 0 0 0 0 0 0 3 0 1 1 1 0 0 0 0 0 0 0 0 0 0 0 0 0 1 0 0 2 0 7 1 0 1 0 1 0 0 0 0 0 0 1 5 0 


Shape distribution:
0 0 0 0 0 0 0 0 1 0 0 0 0 0 3 0 0 0 0 0 0 0 0 1 0 0 0 1 0 0 0 0 0 0 0 0 0 0 0 0 0 11 0 0 1 0 0 3 0 0 0 0 0 2 1 0 0 0 0 0 0 0 0 0 0 0 0 1 1 0 0 0 1 8 0 0 0 1 0 0 0 0 0 0 0 0 0 0 0 0 1 1 0 1 1 0 0 0 0 0 0 0 0 0 0 0 0 0 1 0 0 1 1 5 1 0 2 0 0 0 0 0 0 0 1 0 4 0 


Shape distribution:
0 0 0 0 0 0 0 0 1 0 0 0 0 0 3 0 0 0 0 0 0 0 0 1 0 0 0 0 1 0 0 0 0 0 0 0 0 0 0 0 0 10 0 0 1 0 0 3 0 0 0 0 0 4 1 0 0 0 0 0 0 0 0 0 0 0 0 1 1 0 0 0 2 6 0 0 0 1 0 0 0 0 0 0 0 0 0 0 0 0 2 1 0 0 3 0 0 0 0 0 0 0 1 0 0 0 0 0 1 0 0 1 0 8 1 0 1 1 0 0 0 0 0 1 1 0 4 0 


Shape distribution:
0 0 0 0 0 0 0 0 1 0 0 0 0 0 3 0 0 0 0 0 0 0 0 1 0 0 1 0 0 0 0 0 0 0 0 0 2 0 0 0 1 9 0 1 0 0 0 2 1 0 0 0 1 1 1 0 0 0 0 0 1 0 1 0 0 0 0 1 1 0 0 0 1 3 0 0 0 0 1 0 0 0 0 0 0 0 0 0 0 0 1 1 0 1 1 0 0 0 0 0 0 0 0 0 0 0 0 0 1 0 0 1 0 8 0 0 1 0 0 0 0 0 0 0 1 0 5 0 


Shape distribution:
0 0 0 0 0 0 0 0 1 0 0 0 0 1 2 0 0 0 0 0 0 0 0 1 0 0 0 1 0 0 0 0 0 0 0 0 0 0 0 0 0 10 1 2 0 1 0 3 0 0 0 0 0 3 0 1 0 0 0 0 0 0 0 0 0 0 0 2 0 0 0 0 0 4 0 0 0 1 0 0 0 0 0 0 0 0 0 0 0 0 0 0 0 1 1 0 0 0 0 0 0 0 0 0 0 0 0 0 1 0 0 4 0 4 0 2 1 0 0 0 0 0 0 0 1 0 4 0 


Shape distribution:
0 0 0 0 0 0 0 0 1 0 0 0 0 0 3 0 0 0 0 0 0 0 1 0 0 0 0 1 0 0 0 0 0 0 0 0 0 0 0 0 0 15 2 1 0 0 0 3 0 0 0 0 0 2 1 1 0 0 0 0 0 0 0 0 0 0 0 2 0 0 0 0 0 10 0 0 0 1 0 0 0 0 0 0 0 0 0 0 0 0 0 0 0 0 2 1 0 0 0 0 0 0 0 0 0 0 0 0 0 1 0 3 0 3 0 3 0 1 0 0 0 0 0 0 1 0 5 0 


Shape distribution:
0 0 0 0 0 0 0 0 1 0 0 0 0 0 5 0 0 0 0 0 0 0 1 0 0 0 0 0 1 0 0 0 0 0 0 0 0 0 0 0 0 15 1 2 0 0 0 2 1 0 0 0 0 2 1 0 1 0 0 0 0 0 0 0 0 0 0 2 0 0 0 0 1 10 0 0 0 1 0 0 0 0 0 0 0 0 0 0 0 0 0 0 0 1 1 0 0 0 0 0 0 0 0 0 0 0 0 0 0 1 0 1 0 9 2 2 0 1 0 0 0 0 0 0 1 0 4 0 


Shape distribution:
0 0 0 0 0 0 0 0 1 0 0 0 0 0 3 0 1 0 0 0 0 0 0 1 0 0 0 1 0 0 0 0 0 0 0 0 0 0 0 0 1 12 0 0 1 0 0 4 0 0 0 0 0 0 2 2 0 0 0 0 0 0 0 0 0 0 1 0 1 0 0 0 0 15 0 0 0 1 0 0 0 0 0 0 0 0 0 0 0 0 0 0 0 1 1 0 0 0 0 0 0 0 0 0 0 0 0 0 1 0 0 4 0 2 1 3 0 1 0 0 0 0 0 0 1 0 4 0 


Shape distribution:
0 0 0 0 0 0 0 0 1 0 0 0 0 0 3 0 0 0 0 0 0 0 1 0 0 0 0 1 0 0 0 0 0 0 0 0 0 0 0 0 1 11 0 0 1 0 0 2 0 0 0 0 0 0 4 1 0 0 0 0 0 0 0 0 0 0 1 0 1 0 0 1 0 10 0 0 0 1 0 0 0 0 0 0 0 0 0 0 0 0 0 0 0 1 2 0 0 0 0 0 0 0 0 0 0 0 0 0 1 0 0 5 0 2 0 2 0 1 0 0 0 0 0 0 1 0 4 0 


Shape distribution:
0 0 0 0 0 0 0 0 1 0 0 0 0 0 3 0 0 0 0 0 0 0 1 0 0 0 0 1 0 0 0 0 0 0 0 0 0 0 0 0 1 7 1 0 1 0 0 4 0 0 0 0 0 0 6 1 0 0 0 0 0 0 0 0 0 0 1 0 1 0 0 0 0 15 0 0 0 0 1 0 0 0 0 0 0 0 0 0 0 0 0 0 0 0 2 0 0 0 0 0 0 0 0 0 0 0 0 0 1 0 0 4 0 3 0 3 0 0 0 0 0 0 0 0 1 0 4 0 


Shape distribution:
0 0 0 0 0 0 0 0 0 1 0 0 0 0 4 0 0 0 0 0 0 0 1 0 0 0 0 1 0 0 0 0 0 0 0 0 0 0 0 1 1 10 0 0 1 0 0 2 1 0 0 0 0 0 3 1 0 0 0 0 0 0 0 0 0 0 0 1 1 0 0 0 0 9 0 0 0 1 0 0 0 0 0 0 0 0 0 0 0 0 0 0 0 0 1 1 0 0 0 0 0 0 0 0 0 0 0 0 1 0 0 8 0 2 0 6 0 0 0 0 0 0 0 0 1 0 4 0 


Shape distribution:
0 0 0 0 0 0 0 0 0 1 0 0 0 0 4 0 0 0 0 0 0 0 1 0 0 0 0 1 0 0 0 0 0 0 0 0 0 0 0 0 2 12 1 0 1 0 0 3 0 0 0 0 0 0 4 1 0 0 0 0 0 0 0 0 0 0 1 0 0 1 0 0 0 9 0 0 0 1 0 0 0 0 0 0 0 0 0 0 0 0 0 0 0 0 1 1 0 0 0 0 0 0 0 0 0 0 0 0 0 0 0 6 0 3 0 8 0 0 0 0 0 0 0 0 1 0 5 0 


Shape distribution:
0 0 0 0 0 0 0 0 0 1 0 0 0 0 3 0 0 0 0 0 0 0 1 0 0 0 1 0 0 0 0 0 0 0 0 0 0 0 0 0 1 13 1 0 1 0 0 3 0 0 0 0 0 0 4 1 0 0 0 0 0 0 0 0 0 0 1 0 0 1 0 0 0 12 0 0 0 1 0 0 0 0 0 0 0 0 0 0 0 0 0 0 0 0 1 1 0 0 0 0 0 0 0 0 0 0 0 0 0 1 0 5 0 4 0 8 0 0 0 0 0 0 0 0 1 0 4 0 


Shape distribution:
0 0 0 0 0 0 0 0 0 1 0 0 0 0 3 0 0 0 0 0 0 0 1 0 0 0 1 0 0 0 0 0 0 0 0 0 0 0 0 0 0 10 2 0 0 1 0 3 0 0 0 0 0 1 3 1 0 0 0 0 0 0 0 0 0 0 1 0 0 1 0 0 0 15 0 0 0 0 1 0 0 0 0 0 0 0 0 0 0 0 0 0 0 0 1 1 0 0 0 0 0 0 0 0 0 0 0 0 0 2 0 13 0 1 0 8 1 0 0 0 0 0 1 0 0 0 4 0 


Shape distribution:
0 0 0 0 0 0 0 0 0 1 0 0 0 0 3 0 0 0 0 0 0 0 1 0 0 0 1 0 0 0 0 0 0 0 0 0 0 0 0 0 0 10 3 0 0 0 1 5 0 0 0 0 0 2 4 0 0 0 0 0 0 0 0 0 0 0 1 0 0 1 0 0 0 16 0 0 0 0 1 0 0 0 0 0 0 0 0 0 0 0 0 0 0 0 1 1 0 0 0 0 0 0 0 0 0 0 0 0 0 1 0 14 0 1 0 9 0 1 1 0 0 0 1 0 0 0 4 0 


Shape distribution:
0 0 0 0 0 0 0 0 1 0 0 0 0 0 3 0 0 0 0 0 0 0 1 0 0 0 1 0 0 0 0 0 0 0 0 0 0 0 0 0 1 10 3 0 0 0 0 5 1 0 0 0 0 1 3 0 0 0 0 0 0 0 0 0 0 0 1 0 0 0 0 1 0 10 0 0 0 0 1 0 0 0 0 0 0 0 0 0 0 0 0 0 0 0 1 1 0 0 0 0 0 0 0 0 0 0 0 0 0 1 0 13 1 4 0 9 0 1 3 0 0 0 0 0 1 0 4 0 


Shape distribution:
0 0 0 0 0 0 0 0 1 0 0 0 0 0 4 0 0 0 0 0 1 0 0 0 0 0 1 0 0 0 0 0 0 0 0 0 0 0 0 0 1 20 4 0 0 0 0 5 0 0 0 0 1 0 4 1 0 0 0 0 0 0 0 0 0 0 1 0 0 0 0 1 0 9 0 0 0 0 1 0 0 0 0 0 0 0 0 0 0 0 0 0 0 0 1 1 0 0 0 0 0 0 0 0 0 0 0 0 0 0 0 12 2 4 0 7 0 1 5 0 0 0 0 0 1 0 4 0 


Shape distribution:
0 0 0 0 0 0 0 0 1 0 0 0 0 0 2 1 0 0 0 0 0 1 0 0 0 0 1 0 0 0 0 0 0 0 0 0 0 0 0 0 0 9 0 0 0 0 0 7 0 0 0 0 0 4 4 0 0 0 0 0 0 0 0 0 0 1 0 0 0 0 0 1 0 11 0 0 0 0 1 0 0 0 0 0 0 0 0 0 0 0 0 0 0 0 2 1 0 0 0 0 0 0 0 0 0 0 0 0 0 0 0 2 1 3 0 4 0 0 2 0 0 0 0 0 1 0 4 0 


Shape distribution:
0 0 0 0 0 0 1 0 0 0 0 0 0 0 3 0 0 0 0 0 0 0 0 1 0 0 0 0 1 0 0 0 0 0 0 0 0 0 0 2 0 12 3 0 0 1 1 4 0 0 0 0 0 0 3 1 0 0 0 0 0 0 0 0 1 0 0 0 0 0 0 1 0 11 0 0 0 0 1 0 0 0 0 0 0 0 0 0 0 0 0 0 0 0 1 1 0 0 0 0 0 0 0 0 0 0 0 0 0 0 0 2 1 1 0 4 0 0 10 0 1 0 0 0 0 1 4 0 


Shape distribution:
0 0 0 0 0 0 1 0 0 0 0 0 0 0 3 0 0 0 0 0 0 0 0 1 0 0 0 0 1 0 0 0 0 0 0 0 0 0 0 0 0 3 1 0 0 1 1 3 0 0 0 0 0 0 2 1 0 0 0 0 0 0 0 0 0 1 0 0 0 0 0 1 0 10 0 0 0 1 0 0 0 0 0 0 0 0 0 0 0 0 0 0 0 0 1 1 0 0 0 0 0 0 0 0 0 0 0 0 0 0 0 4 1 0 0 2 0 3 6 0 0 0 1 0 0 0 4 0 


Shape distribution:
0 0 0 0 0 0 1 0 0 0 0 0 0 0 2 1 0 0 0 0 0 0 0 1 0 0 0 0 1 0 0 0 0 0 0 0 0 0 0 0 0 1 0 0 0 1 0 4 0 0 0 0 0 0 3 1 0 0 0 0 0 0 0 0 0 1 0 0 0 0 0 1 0 16 0 0 0 0 1 0 0 0 0 0 0 0 0 0 0 0 0 0 0 0 1 1 0 0 0 0 0 0 0 0 0 0 0 0 0 0 0 5 0 0 1 0 0 3 10 0 0 0 0 0 0 0 4 1 


Shape distribution:
0 0 0 0 0 0 2 0 0 0 0 0 0 0 3 0 0 0 0 0 0 0 0 1 0 0 0 0 0 0 1 0 0 0 0 0 0 0 0 0 0 6 0 0 0 0 0 7 0 0 0 0 0 0 5 1 0 0 0 0 0 0 0 0 0 1 0 0 0 0 0 1 0 15 0 0 0 0 1 0 0 0 0 0 0 0 0 0 0 1 0 0 0 0 1 1 0 0 0 0 0 0 0 0 0 0 0 0 0 0 0 5 0 0 1 2 0 9 4 0 0 0 0 0 0 0 4 1 


Shape distribution:
0 0 0 0 0 1 0 0 0 0 0 0 0 0 3 0 0 0 0 0 0 0 0 1 0 0 0 0 1 0 0 0 0 0 0 0 0 0 0 0 0 3 0 0 0 0 0 5 0 0 0 0 0 0 5 1 0 0 0 0 0 0 0 0 0 1 0 0 0 0 0 0 0 11 0 0 0 0 1 0 0 0 0 0 0 0 0 0 0 0 0 0 0 0 1 1 0 0 0 0 0 0 0 0 0 0 0 0 0 0 0 4 0 0 1 1 1 2 6 0 0 0 0 0 0 0 4 1 


Shape distribution:
0 0 0 0 0 1 0 0 0 0 0 0 0 0 3 0 0 0 0 0 0 0 0 1 0 0 0 0 0 0 1 0 0 0 0 0 0 0 0 0 0 3 0 0 0 0 0 7 2 0 0 2 0 0 4 1 0 0 0 0 0 0 0 0 0 1 0 0 0 0 0 0 1 10 0 0 0 0 1 0 0 0 0 0 0 0 0 0 0 0 0 0 0 0 2 1 0 0 0 0 0 0 0 0 0 0 0 0 0 0 0 4 0 0 0 0 1 2 3 0 0 0 0 0 0 0 5 1 


Shape distribution:
0 0 0 0 0 1 0 0 0 0 0 0 0 0 3 0 0 0 0 0 0 0 0 0 0 1 0 0 1 0 0 0 0 0 0 0 0 0 0 0 0 6 0 0 0 0 0 4 2 4 0 0 0 0 4 2 0 0 0 0 0 0 0 1 0 0 0 0 0 0 0 0 1 13 0 0 0 0 0 0 1 0 0 0 0 0 0 0 0 0 0 0 0 0 1 1 0 0 0 0 0 0 0 0 0 0 0 0 0 0 0 4 0 1 1 3 0 2 2 0 0 0 0 0 0 0 4 1 


Shape distribution:
1 0 0 0 0 1 0 0 0 0 0 0 0 0 3 0 0 0 0 0 0 0 0 1 0 0 0 0 1 0 0 0 0 0 0 0 0 0 0 0 0 3 0 1 0 0 0 2 2 2 0 1 0 0 2 2 0 0 0 0 0 0 0 1 0 0 0 0 0 0 0 0 2 13 0 0 0 0 0 0 1 0 0 0 0 0 0 0 0 0 0 0 0 0 1 1 0 0 0 0 0 0 0 0 0 0 0 0 0 0 0 3 0 1 1 1 0 1 4 0 0 0 0 0 0 0 3 0 


Shape distribution:
0 0 0 0 0 1 0 0 0 0 0 0 0 0 3 0 0 0 0 0 0 0 0 1 0 0 0 0 1 0 0 0 0 0 0 0 0 0 0 0 0 2 0 0 0 0 0 3 0 2 0 0 2 0 8 0 0 0 0 0 0 0 0 1 0 0 0 0 0 0 0 0 2 18 0 0 0 0 0 0 0 0 1 0 0 0 0 0 0 0 0 0 0 0 1 1 0 0 0 0 0 0 0 0 0 0 0 0 0 0 0 6 0 2 0 4 1 0 1 0 0 0 0 0 0 0 4 1 


Shape distribution:
0 0 0 1 0 1 0 0 0 0 0 0 0 0 3 0 0 0 0 0 0 0 0 1 0 0 0 0 1 0 0 0 0 0 0 0 0 0 0 0 0 4 0 0 0 0 0 3 0 1 1 0 1 0 5 1 0 0 0 0 0 1 0 0 0 0 0 0 0 0 0 0 2 15 0 0 0 0 0 0 0 0 1 0 0 0 0 0 0 0 0 0 0 0 2 0 0 0 0 0 0 0 0 0 0 0 0 0 0 0 0 4 0 1 2 3 0 0 4 0 0 0 0 0 0 0 4 1 


Shape distribution:
0 0 0 0 0 1 0 0 0 0 0 0 0 0 3 0 0 0 0 0 0 0 0 1 0 0 0 0 1 0 0 0 0 0 0 0 0 0 0 0 0 8 0 0 0 0 0 4 0 1 0 0 0 0 3 1 0 0 0 0 0 1 0 0 0 0 0 0 0 0 0 0 3 14 0 0 0 0 0 0 0 1 0 0 0 0 0 0 0 0 0 0 0 0 1 1 0 0 0 0 0 0 0 0 0 0 0 0 0 0 0 3 0 1 2 1 0 0 0 0 0 0 0 0 0 0 4 1 


Shape distribution:
0 0 0 0 1 0 0 0 0 0 0 0 0 0 3 0 0 0 0 0 0 1 0 0 0 0 1 0 0 0 0 0 0 0 0 0 0 0 0 0 0 2 0 0 0 0 0 2 1 1 1 0 0 0 4 1 1 0 0 0 0 1 0 0 0 0 0 0 0 0 0 0 1 11 0 0 0 0 0 0 0 1 1 0 0 0 0 0 0 0 0 0 0 0 1 1 0 0 0 0 0 0 0 0 0 0 0 0 0 0 2 3 1 0 1 4 0 0 0 0 0 0 0 0 0 0 4 1 


Shape distribution:
0 0 0 0 1 0 0 0 0 0 0 0 0 0 3 0 0 0 0 0 0 1 0 0 0 0 1 0 0 0 0 0 0 0 0 0 0 0 0 0 0 1 0 0 0 0 1 2 0 2 0 1 0 0 2 1 1 0 0 0 0 1 0 0 0 0 0 0 0 0 0 0 1 10 0 0 0 0 0 0 0 1 1 0 0 0 0 0 0 0 0 0 0 0 1 1 0 0 0 0 0 0 0 0 0 0 0 0 0 0 2 3 1 0 1 0 0 0 0 0 0 0 0 0 0 0 4 1 


Shape distribution:
0 0 0 0 1 1 0 0 0 0 0 0 0 0 3 0 0 0 0 0 0 1 0 0 0 0 1 0 0 0 0 0 0 0 0 0 0 0 0 0 0 0 0 0 0 0 0 5 0 1 2 0 0 0 3 1 0 0 0 0 0 1 0 0 0 0 0 0 0 0 0 0 1 2 0 0 1 0 0 0 0 0 0 0 2 0 0 0 0 0 0 0 0 0 1 1 0 0 0 0 0 0 0 0 0 0 0 0 0 0 0 4 0 0 1 1 0 0 0 0 0 0 0 0 0 0 4 1 


Shape distribution:
0 0 0 0 1 1 0 0 0 0 0 0 0 0 3 0 0 0 0 0 0 1 0 0 0 0 0 0 1 0 0 0 0 0 0 0 0 0 0 0 0 0 0 0 0 0 0 6 0 0 2 0 0 0 5 0 0 0 0 0 0 1 0 0 0 0 0 0 0 0 0 0 1 2 0 0 0 0 0 0 0 0 0 0 1 0 0 0 0 0 0 0 0 0 1 1 0 0 0 0 0 0 0 0 0 0 0 0 0 0 0 4 0 0 1 2 0 0 0 0 0 0 0 0 0 0 5 1 


Shape distribution:
0 0 0 0 1 1 0 0 0 0 0 0 0 0 3 0 0 0 0 0 0 0 0 1 0 0 0 0 1 0 0 0 0 0 0 0 0 0 0 0 0 0 0 0 0 0 0 6 1 0 1 0 0 0 4 0 0 0 0 0 0 1 0 0 0 0 0 0 0 0 0 0 1 1 0 0 0 0 0 0 0 0 1 0 0 0 0 0 0 0 0 0 0 0 1 1 0 0 0 0 0 0 0 0 0 0 0 0 0 0 0 5 0 0 1 1 0 0 0 0 0 0 0 0 0 0 4 1 


Shape distribution:
0 0 0 0 1 1 0 0 0 0 0 0 0 0 3 0 0 0 0 0 0 0 0 1 0 0 0 0 1 0 0 0 0 0 0 0 0 0 0 0 0 0 0 0 0 0 1 1 0 0 2 0 0 0 5 0 0 0 0 0 0 1 0 0 0 0 0 0 0 0 0 0 1 3 0 0 0 0 0 0 0 0 1 0 0 0 0 0 0 0 0 0 0 1 1 0 0 0 0 0 0 0 0 0 0 0 0 0 0 0 0 1 0 2 1 0 0 0 0 0 0 0 0 0 0 0 4 1 


Shape distribution:
0 0 0 0 1 1 0 0 0 0 0 0 1 0 2 0 0 0 0 0 0 0 0 1 0 0 0 0 0 1 0 0 0 0 0 0 0 0 0 0 0 0 0 0 0 0 1 1 1 0 1 0 1 0 3 0 0 0 0 0 0 1 0 0 0 0 0 0 0 0 0 0 1 3 0 0 0 0 0 0 0 0 1 0 0 0 0 0 0 0 0 0 0 0 1 1 0 0 0 0 0 0 0 0 0 0 0 0 0 1 0 3 0 0 1 0 0 0 0 0 0 0 0 0 0 0 6 0 


Shape distribution:
0 0 0 1 1 1 0 0 0 0 0 0 0 0 3 0 0 0 0 0 0 0 0 1 0 0 0 0 0 0 0 1 0 0 0 0 0 0 0 0 0 0 0 0 0 0 0 10 0 1 1 0 0 0 4 0 0 0 0 0 0 1 0 0 0 0 0 0 0 0 0 0 1 2 0 0 0 0 0 0 0 0 1 0 0 0 0 0 0 0 0 0 0 0 1 2 0 0 0 0 0 0 0 0 0 0 0 0 0 0 0 2 0 0 0 2 0 1 0 0 0 0 0 0 0 0 5 1 


Shape distribution:
0 0 0 1 1 0 0 0 0 0 0 0 0 0 3 0 0 0 0 0 0 0 0 1 0 0 0 0 0 0 0 1 0 0 0 0 0 0 0 0 0 0 0 0 0 0 3 9 0 0 1 0 0 0 4 0 0 0 1 0 0 0 0 0 0 0 0 0 0 0 0 0 1 1 0 0 0 0 0 0 0 0 1 0 0 0 0 0 0 0 0 0 1 0 2 0 0 0 0 0 0 0 0 0 0 0 0 0 0 0 0 2 0 0 0 5 1 3 0 0 0 0 0 0 0 0 4 2 


Shape distribution:
0 0 0 1 0 1 0 0 0 0 0 0 0 0 3 0 0 0 0 0 0 0 1 0 0 0 0 0 0 0 0 1 0 0 0 0 0 0 0 0 0 0 0 0 0 0 1 4 0 0 1 0 0 0 4 0 0 0 1 0 0 0 0 0 0 0 0 0 0 0 0 0 1 0 0 0 0 0 0 0 0 0 0 1 0 0 0 0 0 0 0 0 0 1 1 1 0 0 0 0 0 0 0 0 0 0 0 0 0 1 0 2 0 0 1 6 1 1 0 0 0 0 0 0 0 1 5 0 


Shape distribution:
0 0 0 2 0 1 0 0 0 0 0 0 0 0 3 0 0 0 0 0 0 0 0 1 0 0 0 0 0 0 0 0 1 0 0 0 0 0 0 0 0 0 0 0 0 0 1 4 0 1 0 0 0 0 4 0 0 0 1 0 0 0 0 0 0 0 0 0 0 0 1 0 0 0 0 0 0 0 0 0 0 1 0 0 0 0 0 0 0 0 0 0 0 1 1 1 0 0 0 0 0 0 0 0 0 0 0 0 0 0 0 2 0 0 0 9 3 1 0 0 0 0 0 1 0 0 5 0 


Shape distribution:
0 0 0 1 0 1 0 0 0 0 0 0 0 0 3 0 0 0 0 0 0 0 0 1 0 0 0 0 0 0 0 1 0 0 0 0 0 0 0 0 0 0 0 0 0 1 0 1 0 2 1 0 0 0 4 0 0 0 1 0 0 0 0 0 0 0 0 0 0 0 1 0 0 0 0 0 0 0 0 0 0 1 0 0 1 0 0 0 0 0 0 0 0 0 2 0 0 0 0 0 0 0 0 0 0 0 0 0 0 0 1 3 0 0 0 5 1 3 0 0 0 0 0 0 0 1 5 0 


Shape distribution:
0 0 0 1 0 1 0 0 0 0 0 0 0 0 3 0 0 0 0 0 0 0 1 0 0 0 0 0 0 0 0 1 0 0 0 0 0 0 0 0 0 0 0 0 0 1 0 1 0 1 1 0 0 0 4 0 0 0 0 1 0 0 0 0 0 0 0 0 0 0 1 0 0 0 0 0 0 0 0 0 0 1 0 0 0 0 0 0 0 0 0 0 0 0 1 1 0 0 0 0 0 0 0 0 0 0 0 0 0 1 0 5 0 0 0 11 0 4 0 0 0 0 0 0 0 2 5 0 


Shape distribution:
0 0 1 0 0 1 0 2 0 0 0 0 0 0 3 0 0 0 0 0 0 0 1 0 0 0 0 0 0 0 0 1 0 0 0 0 0 0 0 0 0 0 0 0 0 0 1 2 0 1 1 0 0 1 5 0 0 0 1 0 0 0 0 0 0 0 0 0 1 0 0 0 0 0 0 0 0 0 0 0 0 1 0 0 0 0 0 0 0 0 0 0 0 0 1 1 0 0 0 0 0 0 0 0 0 0 0 0 0 0 0 3 0 0 1 3 1 10 1 0 0 0 0 0 1 0 7 0 


Shape distribution:
0 0 1 0 0 1 0 0 0 0 0 0 0 0 2 0 1 0 0 0 0 0 1 0 0 0 0 0 0 0 0 1 0 0 0 0 0 0 0 0 0 0 0 0 0 1 0 1 0 1 1 1 0 0 5 0 0 0 2 0 0 0 0 0 0 0 0 0 0 0 1 0 0 0 0 0 0 0 0 0 0 1 0 0 0 0 0 0 0 0 0 0 0 0 1 1 0 0 0 0 0 0 0 0 0 0 0 0 0 0 0 2 1 0 0 3 0 7 0 0 0 0 0 0 0 0 5 0 


Shape distribution:
0 0 0 1 0 1 0 0 0 0 0 0 0 0 3 0 0 0 0 0 0 0 1 0 0 0 0 1 0 0 0 1 0 0 0 0 0 0 0 0 0 0 0 0 0 1 1 1 0 2 0 0 0 0 4 0 0 0 1 0 0 0 0 0 0 0 0 0 0 0 1 0 0 0 0 0 0 0 0 2 0 0 0 0 0 0 0 0 0 0 0 0 0 0 1 1 0 0 0 0 0 0 0 0 0 0 0 0 0 0 1 0 0 0 0 1 0 3 0 0 0 0 0 1 0 0 7 0 


Shape distribution:
0 0 1 0 1 0 0 0 0 0 0 0 0 0 3 0 0 0 0 0 0 0 1 0 0 0 0 0 0 0 0 1 0 0 0 0 0 0 0 0 0 0 0 0 0 0 1 2 2 1 0 1 0 0 4 0 0 0 1 0 0 0 0 0 0 0 0 0 0 0 1 0 0 0 0 0 0 0 0 0 0 0 0 1 0 0 0 0 0 0 0 0 0 0 0 2 0 0 0 0 0 0 0 0 0 0 0 0 0 0 0 8 0 0 2 7 0 10 0 0 0 0 0 0 0 0 5 0 


Shape distribution:
0 0 1 1 0 0 0 0 0 0 0 0 0 0 3 0 0 0 0 0 0 0 1 0 0 0 0 0 0 0 0 1 0 0 0 0 0 0 0 0 0 0 0 0 0 0 1 1 0 1 1 0 0 0 4 0 0 0 1 0 0 0 0 0 0 0 0 0 0 0 1 0 0 0 0 0 0 0 0 0 1 0 0 0 0 0 0 0 0 0 0 0 0 0 1 1 0 0 0 0 0 0 0 0 0 0 0 0 0 0 0 7 0 0 2 8 0 11 0 0 0 0 0 0 0 0 4 0 


Shape distribution:
0 0 1 0 1 0 0 0 0 0 0 0 0 0 3 0 0 0 0 0 0 0 1 0 0 0 0 0 0 0 0 0 1 0 0 0 0 0 0 0 0 0 0 0 0 0 0 2 2 0 0 1 0 0 5 0 0 1 0 0 0 0 0 0 0 0 0 0 0 0 1 0 0 0 0 0 0 0 0 0 0 0 0 1 0 0 0 0 0 0 0 0 0 0 1 1 0 0 0 0 0 0 0 0 0 0 0 0 0 1 0 19 0 0 2 3 0 6 0 0 0 0 0 0 0 0 5 0 


Shape distribution:
0 1 0 0 1 0 0 0 0 0 0 0 0 0 3 0 0 0 0 0 0 0 1 0 0 0 0 0 0 0 0 0 1 0 0 0 0 0 0 0 0 0 0 0 0 0 0 8 1 0 0 0 1 0 4 0 0 1 0 0 0 0 0 0 0 0 0 0 0 0 1 0 0 0 0 0 0 0 0 0 0 0 0 1 0 0 0 0 0 0 0 0 0 0 0 1 1 0 0 0 0 0 0 0 0 0 0 0 0 1 0 15 0 0 1 2 1 10 0 0 0 0 0 0 0 0 5 0 


Shape distribution:
1 0 0 0 1 0 0 0 0 0 0 0 0 0 3 0 0 0 0 0 0 0 1 0 0 0 0 0 0 0 0 1 0 0 0 0 0 0 0 0 0 0 0 0 0 0 1 1 1 0 0 1 0 0 5 0 0 2 0 0 0 0 0 0 0 0 0 0 1 0 0 0 0 0 0 0 0 0 0 0 0 0 0 1 0 0 0 0 0 0 0 0 0 0 1 1 0 0 0 0 0 0 0 0 0 0 0 0 0 1 0 11 0 4 4 6 0 5 0 0 0 0 0 0 0 0 6 0 


Shape distribution:
0 0 1 0 1 0 0 0 0 0 0 0 0 0 3 0 0 0 0 0 0 0 1 0 0 0 0 0 0 0 0 1 0 0 0 0 0 0 0 0 0 0 0 0 0 1 0 1 1 0 0 1 0 0 4 0 1 0 0 0 0 0 0 0 0 0 0 0 1 0 0 0 0 0 0 0 0 0 0 0 0 0 0 1 0 0 0 0 0 0 0 0 0 0 1 1 0 0 0 0 0 0 0 0 0 0 0 0 0 1 1 18 1 5 2 7 1 3 0 0 0 0 0 0 0 0 5 0 


Shape distribution:
1 0 0 0 1 0 0 0 0 0 0 0 0 1 2 0 0 0 0 0 0 0 0 0 1 0 0 0 0 0 0 0 0 1 0 0 0 0 0 0 0 0 0 0 0 0 2 1 0 0 0 0 1 0 4 0 0 0 1 0 0 0 0 0 0 0 0 0 0 1 0 0 0 0 0 0 0 0 0 0 0 0 0 1 0 0 0 0 0 0 0 0 0 0 1 1 0 0 0 0 0 0 0 0 0 0 0 1 0 0 0 9 1 4 5 1 0 3 0 0 0 0 0 0 0 0 5 1 


Shape distribution:
0 0 0 0 1 0 0 0 0 0 0 0 0 1 2 0 0 0 0 0 0 0 0 0 1 0 0 0 0 0 0 0 0 1 0 0 0 0 0 0 0 0 0 0 0 1 1 1 0 0 0 0 1 0 5 0 0 0 1 0 0 0 0 0 0 0 0 0 0 1 0 0 0 0 0 0 0 0 0 0 0 0 0 1 0 0 0 0 0 0 0 0 0 0 2 0 0 0 0 0 0 0 0 0 0 0 0 1 0 0 0 10 1 6 6 1 0 5 0 0 0 0 0 0 0 0 4 2 


Shape distribution:
1 0 0 0 1 0 0 0 0 0 0 0 0 0 3 0 0 0 0 0 0 0 0 1 0 0 0 0 0 0 0 0 1 0 0 0 0 0 0 0 0 0 0 0 0 0 1 0 1 0 0 0 1 0 3 0 1 1 0 0 0 0 0 0 0 0 0 1 0 0 0 0 0 0 0 0 0 0 0 0 0 0 0 1 0 0 0 0 0 0 0 0 0 0 2 1 0 0 0 0 0 0 0 0 0 0 0 1 0 0 0 2 0 3 5 1 0 0 0 0 0 0 0 0 0 0 5 0 


Shape distribution:
0 0 0 0 1 0 0 0 0 0 0 0 0 0 3 0 0 0 0 0 0 0 0 1 0 0 0 0 0 0 0 0 1 0 0 0 0 2 0 0 0 0 0 0 0 0 1 0 0 0 1 0 1 0 4 0 0 1 0 0 0 0 0 0 0 0 0 2 0 0 0 0 0 0 0 0 0 0 0 0 0 0 0 1 0 0 0 1 0 0 0 0 0 0 1 2 0 0 0 0 0 0 0 0 0 0 0 1 0 0 0 4 0 7 4 0 2 0 0 0 0 0 0 0 0 0 5 0 


Shape distribution:
0 0 0 0 1 0 0 0 0 0 0 0 0 0 3 0 0 0 0 0 0 0 0 1 0 0 0 0 0 0 0 0 1 0 0 0 0 0 0 0 0 0 0 0 0 0 1 0 0 0 1 0 1 0 5 0 0 1 0 0 0 0 0 0 0 0 1 1 0 0 0 0 0 0 0 0 0 0 0 0 0 0 1 0 0 0 0 1 0 0 0 0 0 0 1 1 1 0 0 0 0 0 0 0 0 0 0 1 0 0 0 1 0 4 4 3 1 0 0 0 0 0 0 0 0 0 6 0 


Shape distribution:
0 0 0 0 1 0 0 0 0 0 0 0 1 0 2 0 0 0 0 0 0 0 0 0 0 1 0 0 0 0 1 0 0 0 0 0 0 2 0 0 0 0 0 0 0 0 1 0 0 1 0 0 1 0 3 0 0 1 0 0 0 0 0 0 0 0 0 3 0 0 0 0 0 0 0 0 0 0 0 0 0 0 0 1 0 0 0 1 0 0 0 0 0 0 1 2 0 0 0 0 0 0 0 0 0 0 0 0 1 0 0 5 0 1 2 0 0 1 0 0 0 0 0 0 0 0 5 0 


Shape distribution:
1 0 1 0 0 0 0 0 0 0 0 0 0 0 3 0 0 0 0 0 0 0 0 0 0 1 0 0 0 0 1 0 0 0 0 0 0 2 0 0 0 0 0 0 0 0 1 0 1 0 0 0 1 0 5 0 1 0 0 0 0 0 0 0 0 0 0 7 0 0 0 0 0 0 0 0 0 0 0 0 0 0 0 1 0 0 0 0 0 0 0 0 0 0 1 2 0 0 0 0 0 0 0 0 0 0 0 0 1 0 0 4 0 1 4 0 0 1 0 0 0 0 0 0 0 0 5 0 


Shape distribution:
0 0 0 1 0 0 0 0 0 0 0 0 0 0 4 0 0 0 0 0 0 0 0 0 0 1 0 0 0 1 0 0 0 0 0 0 0 0 0 0 0 0 0 0 0 0 1 0 0 0 1 0 1 0 5 0 0 1 0 0 0 0 0 0 0 1 0 3 0 0 0 0 0 0 0 0 0 0 0 0 0 0 0 1 0 0 0 0 0 0 0 0 0 1 0 2 0 0 0 0 0 0 0 0 0 0 0 0 1 0 0 7 0 0 1 0 0 1 0 0 0 0 0 0 1 0 4 0 


Shape distribution:
1 0 0 0 1 0 0 0 0 0 0 0 0 0 3 0 0 0 0 0 0 0 0 0 0 1 0 0 0 0 1 0 0 0 0 0 0 1 0 0 0 0 0 0 0 0 1 0 0 1 0 0 0 0 5 1 0 1 0 0 0 0 0 0 1 0 0 1 0 0 0 0 0 0 0 0 0 0 0 0 0 0 0 1 0 0 0 3 0 0 0 0 0 0 1 2 0 0 0 0 0 0 0 0 0 0 0 0 1 0 0 11 0 2 2 0 0 1 0 0 0 0 1 0 0 0 4 0 


Shape distribution:
0 0 0 0 1 0 0 0 0 0 0 0 0 0 3 0 0 0 0 0 0 0 0 0 0 0 0 1 0 0 1 0 0 0 0 0 0 6 0 0 0 0 0 0 0 0 1 0 0 1 0 0 0 0 4 1 0 1 0 0 0 0 0 0 1 0 0 1 0 0 0 0 0 0 0 0 0 0 0 0 0 1 0 0 0 0 0 1 0 0 0 0 0 0 1 2 0 0 0 0 0 0 0 0 0 0 0 0 1 0 0 10 0 2 2 0 0 1 0 0 0 0 1 0 0 0 4 0 


Shape distribution:
0 0 0 0 1 0 0 0 0 0 0 0 0 0 3 0 0 0 0 0 0 0 0 0 0 1 0 0 0 0 1 0 0 0 0 0 0 4 0 0 0 0 0 0 0 0 1 0 1 0 0 0 0 0 5 0 0 1 0 0 0 0 0 0 1 0 0 1 0 0 0 0 0 0 0 0 0 0 0 0 0 1 0 0 0 0 0 1 0 0 0 0 0 0 1 2 0 0 0 0 0 0 0 0 0 0 1 0 0 0 0 8 0 1 1 0 0 0 1 0 0 0 1 0 0 0 3 1 


Shape distribution:
0 0 0 0 0 0 1 0 0 0 0 0 0 0 3 1 0 0 0 0 0 0 0 0 0 1 0 0 0 0 1 0 0 0 0 0 0 2 0 0 0 0 0 0 0 0 1 0 0 0 1 0 0 1 3 1 0 1 0 0 0 0 0 0 1 0 0 2 0 0 0 0 0 0 0 0 0 0 0 0 0 1 0 0 0 0 0 1 0 0 0 0 0 0 1 2 0 0 0 0 0 0 0 0 0 0 1 0 0 0 0 9 0 0 1 0 0 0 1 0 0 0 1 0 0 0 4 0 


Shape distribution:
0 0 0 1 0 0 0 0 0 0 0 0 0 0 2 1 0 0 0 0 0 0 0 0 0 1 0 0 0 0 1 0 0 0 0 0 0 1 0 0 0 0 0 0 0 0 1 0 0 0 1 0 0 1 4 0 0 0 0 0 1 0 0 0 0 1 0 1 0 0 0 0 0 0 0 0 0 0 0 0 1 0 0 0 0 0 0 2 0 0 0 0 0 0 1 2 0 0 0 0 0 0 0 0 0 0 1 0 0 0 2 7 1 8 1 0 0 0 0 0 1 0 0 0 1 0 4 0 


Shape distribution:
0 0 0 0 1 0 0 0 0 0 0 0 0 0 2 1 0 0 0 0 0 0 0 0 0 1 0 0 0 0 1 0 0 0 0 0 0 7 0 0 0 0 0 0 0 0 1 0 0 0 1 0 0 0 5 0 1 0 0 0 0 0 0 0 0 0 1 1 0 0 0 0 0 0 0 0 0 0 0 0 0 1 0 0 0 0 0 1 0 0 0 0 0 0 2 1 0 0 0 0 0 0 0 0 0 0 0 1 0 0 0 6 0 1 3 0 0 0 1 0 0 0 1 0 0 0 4 0 


Shape distribution:
0 0 0 0 1 0 0 0 0 0 0 0 0 0 2 1 0 0 0 0 0 0 0 0 0 1 0 0 0 0 1 0 0 0 0 0 0 6 0 0 0 0 0 0 0 0 1 0 0 0 1 0 0 0 5 0 1 0 0 0 0 0 0 0 0 0 1 0 0 0 0 0 0 0 0 0 0 0 0 0 0 1 0 0 0 0 0 0 0 0 0 0 0 0 2 1 0 0 0 0 0 0 0 0 0 0 1 0 0 0 0 11 0 2 0 0 0 0 1 0 1 0 0 0 0 0 3 0 


Shape distribution:
0 0 0 0 1 0 0 0 0 0 0 0 0 0 2 1 0 0 0 0 0 0 0 0 0 1 0 0 0 0 1 0 0 0 0 0 0 0 0 0 0 0 0 0 0 0 1 0 0 0 0 1 0 1 3 1 0 0 1 0 0 0 0 0 0 1 0 0 0 0 0 0 0 0 0 0 0 0 0 0 0 0 1 0 0 0 0 3 0 0 0 1 0 1 1 0 0 0 0 0 0 0 0 0 0 0 1 0 0 0 2 5 3 3 0 0 0 0 0 0 1 0 0 0 1 0 4 0 


Shape distribution:
0 0 0 0 0 1 0 0 0 0 0 0 0 0 3 1 0 0 0 0 0 0 0 0 0 1 0 0 0 0 1 0 0 0 0 0 0 0 0 0 0 0 0 0 0 0 1 0 0 0 1 0 0 0 4 1 0 0 1 0 0 0 0 0 0 1 0 0 0 0 0 0 0 0 0 0 0 0 0 0 0 1 0 0 0 0 0 1 0 0 0 1 0 1 1 1 0 0 0 0 0 0 0 0 0 0 1 0 0 0 1 4 6 5 0 0 0 0 0 0 1 0 0 0 0 0 5 0 


Shape distribution:
0 0 0 0 0 1 0 0 0 0 0 0 0 0 2 1 0 0 0 0 0 0 0 0 0 1 0 0 0 0 1 0 0 0 0 0 0 0 0 0 0 0 0 0 0 0 0 0 1 0 0 1 0 0 6 0 0 0 1 0 0 0 0 0 0 1 0 0 0 0 0 0 0 0 0 0 0 0 0 0 0 1 0 0 0 0 0 0 0 0 0 3 0 0 1 1 0 0 0 0 0 0 0 0 0 0 1 0 0 0 2 5 4 7 0 0 0 0 0 0 1 0 0 0 2 0 4 0 


Shape distribution:
0 0 0 0 0 1 0 0 0 0 0 0 0 0 2 1 0 0 0 0 0 0 0 0 0 1 0 0 0 0 1 0 0 0 0 0 0 0 0 0 0 0 0 0 0 0 0 0 1 0 1 0 0 0 5 0 0 0 1 0 0 0 0 0 0 1 0 0 0 0 0 0 0 0 0 0 0 0 0 0 1 0 0 0 0 0 0 0 0 0 0 1 0 0 1 1 0 0 0 0 0 0 0 0 0 0 1 0 0 0 0 7 3 1 0 0 0 0 1 0 0 0 0 0 0 0 5 0 


Shape distribution:
0 0 0 0 0 1 0 0 0 0 0 0 0 0 2 1 0 0 0 0 0 0 0 0 0 1 0 0 0 0 1 0 0 0 0 0 0 0 0 0 0 0 0 0 0 0 2 0 2 0 0 0 0 0 5 0 0 0 1 0 0 0 0 0 0 1 0 0 0 0 0 0 0 0 0 0 0 0 0 0 1 4 0 0 0 0 0 0 0 0 0 0 1 0 2 1 0 0 0 0 0 0 0 0 0 0 1 0 0 0 1 10 2 1 0 0 0 0 1 0 0 0 0 0 0 0 5 0 


Shape distribution:
0 0 0 0 0 1 0 0 0 0 0 0 0 0 2 1 0 0 0 0 0 0 0 0 0 1 0 0 0 0 1 0 0 0 0 0 0 0 0 0 0 0 0 0 0 0 1 0 2 0 0 0 0 0 5 0 0 0 1 0 0 0 0 0 0 1 0 0 0 0 0 0 0 0 0 0 0 0 0 0 1 3 0 0 0 0 0 0 0 0 0 0 1 0 0 2 1 0 0 0 0 0 0 0 0 0 1 0 0 0 1 12 2 1 0 0 0 0 1 0 0 0 0 0 0 0 5 0 


Shape distribution:
0 0 0 0 0 1 0 0 0 0 0 0 0 0 2 1 0 0 0 0 0 0 0 0 0 0 0 1 0 0 1 0 0 0 0 0 0 0 0 0 0 0 0 0 0 0 2 0 2 0 0 0 0 0 8 0 0 0 1 0 0 0 0 0 0 1 0 0 0 0 0 0 0 0 0 0 0 0 0 0 0 1 1 0 0 0 0 0 0 0 0 0 1 0 1 0 0 0 0 0 0 0 0 0 0 0 1 0 0 0 0 14 1 2 1 0 0 0 1 0 0 0 0 0 0 0 5 0 


Shape distribution:
0 0 0 0 0 1 0 0 0 0 0 0 0 0 2 1 0 0 0 0 0 0 0 0 0 0 0 0 0 1 1 0 0 0 0 0 0 0 0 0 0 0 0 0 0 0 3 0 1 1 0 0 0 0 5 0 0 0 1 0 0 0 0 0 1 0 0 0 0 0 0 0 0 0 0 0 0 0 0 0 1 1 0 0 0 0 0 0 0 0 0 0 0 0 0 1 0 0 0 0 0 0 0 0 0 0 1 0 0 0 0 4 0 0 0 0 0 1 0 0 0 0 0 0 0 0 5 0 


Shape distribution:
0 0 0 0 1 0 0 0 0 0 0 0 0 0 2 1 0 0 0 0 0 0 0 0 0 0 0 0 1 0 1 0 0 0 0 0 0 0 0 0 0 0 0 0 0 0 3 1 0 1 0 0 0 0 5 0 0 0 1 0 0 0 0 0 1 0 0 0 0 0 0 0 0 0 0 0 0 0 0 0 1 1 0 0 0 0 0 0 0 0 0 0 0 0 0 1 0 0 0 0 0 0 0 0 0 1 0 0 0 0 0 2 0 0 0 0 0 1 0 0 0 0 0 0 0 0 5 0 


Shape distribution:
0 0 0 0 0 1 0 0 0 0 0 0 0 0 2 1 0 0 0 0 0 0 0 0 0 0 0 0 1 0 1 0 0 0 0 0 0 0 0 0 0 0 0 0 0 0 3 0 0 1 0 0 0 0 5 0 0 0 1 0 0 0 0 0 1 0 0 0 0 0 0 0 0 0 0 0 0 0 0 0 2 1 0 0 0 0 0 0 0 0 0 0 0 0 0 1 0 0 0 0 0 0 0 0 0 0 0 1 0 0 0 2 0 0 0 0 0 1 0 0 0 0 0 0 0 0 6 0 

