
Shape distribution:
0 0 0 0 2 2 1 4 0 1 0 0 2 0 0 3 0 0 0 1 1 1 0 1 0 2 0 1 1 0 0 1 0 0 1 0 13 2 1 0 1 1 0 2 0 1 0 0 1 9 2 0 0 0 3 6 3 0 2 0 0 1 0 0 1 1 0 1 0 0 0 0 2 0 2 1 0 2 1 0 2 2 0 0 0 1 0 1 1 0 1 1 1 0 2 0 0 0 1 1 0 2 1 0 1 1 0 0 1 1 2 0 0 0 1 0 0 0 1 1 0 1 0 0 1 1 0 2 


Shape distribution:
0 0 1 1 2 0 0 1 4 0 1 0 0 0 0 1 0 1 0 0 0 0 3 2 0 1 1 2 4 9 1 1 0 0 1 1 0 0 0 1 3 0 0 2 0 0 0 0 5 2 0 0 3 0 1 1 2 4 1 2 1 1 1 0 0 1 1 1 0 2 0 2 0 0 3 1 0 0 1 0 0 0 0 2 0 0 0 0 0 5 3 0 2 0 0 0 0 1 1 1 0 2 1 0 0 0 1 5 1 0 0 2 5 1 0 2 0 2 0 0 0 0 1 0 1 0 8 1 


Shape distribution:
0 0 1 2 1 0 0 0 11 1 0 0 0 1 0 0 0 2 0 0 0 0 2 2 0 2 0 3 3 4 2 0 0 1 0 1 2 0 0 1 4 1 0 3 0 0 0 0 3 1 0 0 3 0 1 1 3 9 1 2 0 2 1 0 0 1 0 3 0 2 0 1 0 0 0 0 1 0 1 0 0 0 0 2 0 0 0 0 1 2 11 0 1 0 0 0 0 1 1 0 0 1 1 0 0 0 0 5 1 0 0 0 8 1 0 3 0 3 0 0 0 0 2 0 1 0 4 4 


Shape distribution:
1 0 1 2 1 0 0 0 8 1 0 0 0 1 0 0 0 1 0 0 0 0 2 0 0 1 0 3 3 2 2 0 0 1 0 0 1 0 0 0 4 1 0 2 0 0 0 0 4 1 0 1 3 0 0 1 2 10 1 2 0 2 0 0 0 1 0 4 0 1 1 1 0 0 0 0 1 0 1 0 0 0 0 1 0 0 0 0 0 7 6 0 1 0 1 0 0 1 1 0 0 1 1 0 0 0 0 7 1 0 0 1 5 3 0 1 0 2 0 0 0 0 5 0 1 0 3 4 


Shape distribution:
0 0 1 3 1 0 0 0 5 1 1 0 0 0 0 0 0 1 0 0 0 0 2 0 0 1 0 5 2 2 2 0 0 1 0 0 1 0 0 0 5 0 0 2 0 0 0 0 3 0 0 1 4 0 0 0 3 14 0 8 0 2 0 0 0 1 0 3 0 1 1 1 1 0 0 0 0 0 1 0 0 0 0 1 0 0 0 0 0 9 6 0 1 0 1 0 0 1 1 0 0 1 1 0 0 0 0 6 1 0 0 0 7 2 0 2 0 5 0 0 0 0 6 0 1 0 5 6 


Shape distribution:
2 0 1 1 0 0 0 0 6 1 1 0 0 1 0 0 0 2 0 0 0 0 2 0 0 1 0 3 1 3 1 0 1 0 1 0 0 0 0 0 5 2 1 0 0 0 0 0 1 1 1 0 6 0 0 0 0 16 2 11 0 1 0 1 0 0 0 2 0 1 1 0 1 0 0 0 1 0 1 0 0 0 0 1 0 0 0 0 0 5 6 0 3 0 0 0 0 1 0 0 1 1 0 0 0 0 0 6 1 1 0 0 3 1 1 1 0 2 0 0 0 0 7 0 0 0 4 6 


Shape distribution:
0 0 2 0 0 1 1 0 7 1 0 0 0 1 0 0 0 2 0 0 0 0 2 0 0 1 0 2 3 3 1 0 2 0 0 0 0 0 1 0 4 2 0 6 0 0 0 0 2 1 0 2 4 0 0 1 0 20 1 3 0 1 0 0 0 1 0 6 0 1 0 1 0 0 0 0 4 0 1 0 0 0 0 1 1 0 0 0 0 10 12 1 1 0 0 1 0 0 0 1 0 1 0 0 0 0 1 2 1 0 0 0 8 4 3 1 0 1 0 0 0 0 12 0 0 0 4 6 


Shape distribution:
0 1 0 0 0 1 1 0 6 1 0 0 0 1 0 0 0 0 0 0 0 0 2 0 0 1 0 1 4 2 0 1 2 0 0 0 0 0 1 0 7 1 0 7 0 0 0 0 2 1 0 2 5 0 0 0 0 20 2 2 0 1 0 0 0 1 0 2 0 1 0 1 0 1 0 0 3 0 1 0 0 0 0 1 1 0 0 0 0 12 6 1 2 0 0 1 0 0 0 1 0 1 0 0 0 0 1 0 1 0 0 0 14 3 6 1 0 0 1 0 0 1 14 0 0 0 4 7 


Shape distribution:
0 1 0 0 0 0 2 0 9 1 0 0 0 1 0 0 0 0 0 0 0 0 2 0 0 1 1 0 3 2 1 1 1 0 0 0 0 0 1 0 7 1 0 8 0 0 0 0 2 0 0 4 3 0 0 0 0 19 2 3 0 0 0 0 0 1 0 1 0 1 0 1 0 0 0 2 0 0 1 0 0 0 0 1 1 0 0 0 0 6 9 2 1 0 0 1 0 0 0 1 0 1 0 0 0 0 1 0 1 0 0 0 16 2 6 1 0 1 2 0 0 2 13 0 0 0 4 0 


Shape distribution:
0 0 1 0 0 0 0 2 6 1 0 0 0 1 0 0 0 0 0 0 0 0 2 0 0 1 0 1 3 1 2 0 1 0 0 0 0 0 0 1 6 1 0 7 0 0 0 0 2 1 0 2 4 0 0 0 1 19 2 0 0 0 0 0 1 0 0 3 0 0 0 1 0 0 1 0 1 0 1 0 0 0 0 1 1 0 0 0 0 9 5 0 0 0 0 1 0 0 0 1 0 0 1 0 0 0 1 0 2 0 1 0 12 3 4 1 0 0 0 0 0 2 13 0 0 0 2 5 


Shape distribution:
0 0 0 1 0 0 0 1 10 1 0 0 0 0 1 0 0 0 0 0 0 0 2 0 0 1 0 1 3 3 0 1 2 0 0 0 0 0 1 0 5 0 0 5 1 0 1 0 0 1 0 2 6 0 0 0 4 10 2 3 0 0 0 0 1 1 0 2 0 1 0 1 0 0 0 0 1 1 0 0 0 0 0 1 0 0 0 0 0 22 3 0 0 0 1 0 0 0 0 1 0 1 0 0 0 0 2 0 0 1 0 4 9 4 5 1 0 0 2 0 0 2 17 2 2 0 2 3 


Shape distribution:
0 1 0 0 0 0 0 1 3 1 0 0 0 0 1 0 0 0 0 0 0 0 2 0 0 1 0 0 2 3 0 2 1 0 0 0 0 0 0 0 6 1 0 9 1 0 0 1 0 1 0 2 1 0 0 0 0 12 1 1 0 0 0 0 1 0 0 6 0 2 0 1 0 0 1 0 0 0 1 0 1 0 0 0 0 0 0 0 1 10 1 2 0 0 1 0 0 0 0 2 0 1 0 0 0 0 0 0 1 0 0 1 9 2 21 1 0 0 2 0 2 6 16 0 0 0 3 2 


Shape distribution:
0 1 0 0 0 0 0 1 5 1 0 0 0 0 1 0 0 0 0 0 0 0 2 0 0 0 1 0 3 2 1 0 2 0 0 0 0 0 1 0 6 1 0 10 0 0 0 1 0 4 0 2 1 0 0 0 0 9 2 0 0 0 0 0 0 1 0 5 0 1 0 1 0 0 1 0 0 0 1 0 0 0 1 0 0 0 0 0 0 10 2 0 0 0 1 0 0 0 0 2 0 0 0 0 0 0 0 0 1 1 3 0 16 6 14 2 1 0 4 0 0 3 15 0 1 0 4 5 


Shape distribution:
4 1 0 0 0 0 0 1 3 1 0 0 0 1 0 0 0 0 0 0 0 0 2 0 1 0 1 0 1 3 0 1 2 0 0 0 0 0 2 1 5 1 0 2 0 0 0 1 0 2 0 2 0 0 0 0 1 10 0 1 0 0 0 0 0 0 1 2 0 1 0 1 0 0 0 1 0 0 1 0 0 0 0 0 0 0 0 1 0 12 1 1 0 0 1 0 0 0 0 1 0 0 0 0 0 0 0 0 0 1 1 0 9 4 7 1 1 0 1 0 2 12 18 0 0 0 4 3 


Shape distribution:
1 1 0 0 0 0 0 0 3 2 0 0 0 1 0 0 0 0 0 0 0 0 2 0 1 0 1 0 1 3 1 1 1 0 0 0 0 0 2 1 4 2 0 4 0 0 0 1 2 0 1 1 0 0 0 0 3 12 1 0 0 0 0 0 0 1 0 2 0 0 1 0 0 0 0 1 0 0 0 1 0 0 0 0 0 0 0 1 0 7 2 0 0 0 0 0 0 0 0 1 0 0 0 0 0 0 0 0 0 0 2 0 12 2 11 1 0 0 2 0 0 14 16 1 0 0 4 1 


Shape distribution:
0 0 0 0 0 0 0 0 3 1 1 0 0 1 0 0 0 0 0 0 0 0 2 0 1 0 1 0 2 1 2 1 1 0 0 0 0 0 3 1 7 2 1 2 0 0 0 1 1 1 1 1 0 0 0 0 0 13 1 0 0 0 0 0 0 1 0 2 0 0 1 0 0 0 0 1 0 0 0 1 0 0 0 0 0 0 0 0 0 11 1 0 0 0 0 0 0 0 0 1 0 1 0 0 0 0 0 0 1 1 1 0 9 1 11 0 2 0 2 0 1 13 20 1 1 0 4 1 


Shape distribution:
1 1 0 0 0 0 0 0 3 1 0 1 0 1 0 0 0 0 0 0 0 0 2 0 1 0 1 1 1 3 1 2 0 0 0 0 0 0 2 2 2 1 0 4 0 0 0 1 2 0 1 1 0 0 0 0 5 6 2 0 0 0 0 0 0 1 0 0 0 0 1 0 0 0 0 1 0 0 1 0 0 0 0 0 0 1 0 1 0 9 2 0 0 0 0 0 0 0 0 1 0 0 0 0 0 0 0 0 0 0 2 0 8 3 10 1 2 0 2 0 0 10 15 2 0 0 7 2 


Shape distribution:
0 0 0 0 0 0 0 0 5 0 1 0 0 1 0 0 0 0 0 0 0 0 2 0 1 1 0 0 3 1 2 0 0 1 1 0 0 0 1 1 2 6 3 1 1 0 0 0 0 1 1 0 1 0 0 0 0 6 1 0 0 0 0 0 0 1 0 2 0 0 1 0 0 0 0 1 0 0 0 1 0 0 0 0 0 0 0 0 0 6 0 0 0 0 0 0 1 0 0 0 0 1 0 0 0 0 0 0 0 1 0 1 6 1 10 1 2 0 0 0 0 6 25 0 0 0 3 1 


Shape distribution:
0 0 0 0 0 0 0 0 4 1 0 0 0 0 1 0 0 0 0 0 0 0 2 0 1 0 1 0 2 1 2 0 1 0 0 0 0 0 0 1 1 6 0 0 2 1 0 0 1 0 0 3 1 0 0 0 0 1 0 2 0 0 0 0 1 0 1 0 0 0 0 1 0 0 0 0 0 0 0 1 0 0 0 0 0 0 0 0 3 4 2 1 0 2 0 0 0 0 0 1 0 1 0 0 0 0 0 1 1 0 5 2 10 1 11 1 2 0 2 0 0 10 24 1 0 0 0 0 


Shape distribution:
0 0 0 0 0 0 0 0 4 1 0 0 1 0 0 0 0 0 0 0 0 0 2 0 1 0 1 0 2 1 2 1 1 0 0 0 0 0 0 1 4 0 0 4 0 0 0 0 1 1 0 1 0 0 0 0 0 0 0 1 0 0 0 0 1 0 4 1 0 0 1 0 0 0 0 1 0 0 0 1 0 0 0 0 0 0 0 0 1 1 0 0 0 1 0 0 0 0 0 1 0 1 0 0 0 0 0 1 5 0 3 0 1 1 15 0 0 0 2 0 1 10 16 0 2 0 0 1 


Shape distribution:
0 0 0 0 0 0 0 0 4 1 0 0 1 0 0 0 0 0 0 0 0 0 2 0 2 0 1 0 2 1 1 2 2 0 0 0 0 0 0 1 4 2 0 4 0 0 0 0 0 1 1 0 0 0 0 0 0 1 0 0 0 0 0 0 1 0 9 3 0 1 0 0 0 1 0 0 0 0 0 1 0 0 0 0 0 0 0 0 7 0 1 0 0 1 0 0 0 0 0 0 2 0 0 0 0 0 4 0 5 0 0 1 5 1 18 1 0 0 3 0 0 11 13 1 0 0 0 0 


Shape distribution:
0 0 0 0 0 0 0 0 4 1 0 0 1 0 0 0 0 0 0 0 0 0 2 0 1 0 1 0 3 1 1 1 3 0 0 0 0 2 0 0 5 3 0 3 0 0 0 0 0 0 2 0 0 0 0 0 0 0 0 1 0 0 0 1 0 0 4 0 0 1 0 0 0 0 0 1 0 2 0 0 0 0 0 0 0 0 2 0 8 0 1 0 0 1 0 0 0 0 0 0 2 0 0 0 0 0 2 1 5 0 1 1 5 5 24 3 0 0 4 0 0 13 8 0 0 0 0 0 


Shape distribution:
1 0 0 0 0 0 0 0 5 0 0 0 1 0 0 0 0 0 0 0 0 0 2 0 1 0 1 0 2 1 2 0 2 0 0 0 0 2 0 0 7 0 0 3 0 0 0 0 0 1 1 0 0 0 0 0 0 1 0 0 0 0 0 0 1 0 5 1 0 1 0 0 0 0 0 0 0 0 0 1 0 0 0 0 0 0 0 0 4 0 1 0 0 1 0 0 0 0 0 0 1 0 0 0 1 0 1 0 0 0 1 1 4 4 19 3 0 0 1 0 1 4 12 0 0 0 0 1 


Shape distribution:
0 0 0 0 0 0 0 0 4 1 0 0 1 0 0 0 0 0 0 0 1 0 2 0 1 0 2 1 0 1 0 2 2 0 0 0 0 1 1 0 2 2 0 5 0 0 0 0 1 1 1 0 0 0 0 0 0 1 0 0 0 0 0 0 1 0 13 0 1 0 0 0 0 0 0 0 0 0 0 3 0 0 0 0 0 0 0 0 7 1 0 0 0 1 0 0 0 0 0 0 0 0 0 0 1 0 2 0 0 0 0 0 2 3 20 3 0 0 0 0 0 5 17 0 0 0 0 1 


Shape distribution:
0 0 0 0 0 0 0 0 4 1 0 0 1 0 0 0 0 0 0 0 1 0 3 0 1 0 2 1 0 1 0 1 1 1 0 0 0 0 1 0 2 2 1 3 0 0 0 0 2 0 2 0 0 0 0 0 0 1 0 0 0 0 0 0 1 0 15 0 0 0 0 0 0 0 0 0 0 0 0 2 0 0 0 0 0 0 0 0 7 1 0 0 0 1 0 0 0 0 0 0 0 0 0 0 1 0 1 0 0 0 0 0 2 3 22 1 0 0 0 0 0 6 20 0 0 0 0 0 


Shape distribution:
0 0 0 0 0 0 0 0 3 1 1 0 1 0 0 0 0 0 0 0 0 0 2 0 1 0 1 0 2 0 0 4 0 0 0 0 0 1 2 0 2 2 0 2 0 0 0 0 1 0 1 0 0 0 0 0 0 1 0 0 0 0 0 0 1 0 10 3 0 1 0 0 0 0 0 0 0 0 0 1 0 0 0 0 0 0 0 0 3 2 1 0 0 0 0 0 0 0 0 0 0 0 1 0 0 1 0 0 0 0 0 2 4 3 21 1 0 0 0 0 1 7 7 0 0 0 0 2 


Shape distribution:
0 0 0 0 0 0 0 0 5 1 1 0 1 0 0 0 0 0 0 0 0 0 2 0 1 0 1 1 1 0 0 3 0 1 0 1 0 0 1 0 1 1 0 0 0 0 0 0 0 1 1 0 0 0 0 0 0 1 0 0 0 0 0 0 1 0 4 2 0 1 0 0 0 0 0 0 0 0 0 1 0 0 0 0 0 0 0 0 5 1 4 0 0 0 0 0 0 0 0 0 1 0 0 0 0 0 1 0 1 0 0 0 4 9 10 0 0 0 0 0 1 5 8 0 1 0 0 0 


Shape distribution:
0 0 0 0 0 0 0 0 3 1 0 0 1 0 0 0 0 0 0 0 0 0 2 0 0 1 2 0 0 1 0 2 1 0 0 0 0 0 1 0 1 0 0 1 0 0 0 0 0 1 0 0 0 0 0 0 0 1 0 0 0 0 0 0 1 0 3 3 0 0 1 0 0 0 0 0 0 0 0 2 0 0 0 0 0 0 0 0 3 0 5 0 0 0 0 0 0 0 0 0 1 0 0 0 0 0 1 0 0 0 0 1 2 1 8 0 0 0 0 0 0 1 5 1 0 0 0 1 


Shape distribution:
0 0 0 0 0 0 0 0 4 0 1 0 1 0 0 0 0 0 0 0 0 0 2 0 0 0 2 0 0 1 1 2 1 0 0 0 0 0 0 0 1 0 0 1 0 0 0 0 1 1 0 0 0 0 0 0 1 0 0 0 0 0 0 1 0 0 2 1 0 0 1 0 0 0 0 0 0 0 1 0 0 0 0 0 0 0 0 0 2 0 0 0 0 0 0 0 0 0 0 0 0 1 0 0 0 0 0 0 0 0 1 2 2 3 7 1 0 0 0 0 0 0 6 0 0 6 0 1 


Shape distribution:
0 0 0 0 0 0 0 0 3 0 1 0 1 0 0 0 0 0 0 0 0 0 2 0 0 0 2 1 0 0 2 0 2 0 0 0 0 0 1 0 0 0 1 3 0 0 0 0 0 0 0 1 0 0 0 0 0 1 0 0 0 0 0 0 1 0 2 1 0 0 1 0 0 0 0 0 0 0 0 1 0 0 0 0 0 0 0 0 5 0 4 0 0 0 0 0 0 0 0 0 1 0 0 0 0 0 0 0 0 0 0 1 5 1 6 0 0 0 0 0 0 0 6 1 0 2 2 3 


Shape distribution:
0 0 0 0 0 0 0 0 3 0 1 0 0 0 0 0 1 0 0 0 0 0 2 0 0 0 2 1 0 1 0 0 1 1 0 0 0 0 1 0 0 0 0 2 0 0 0 0 0 0 0 1 0 0 0 0 0 1 0 0 0 0 0 0 0 1 1 1 0 1 0 0 0 0 0 0 0 0 0 1 0 0 0 0 0 0 0 0 3 0 3 0 0 0 0 0 0 0 0 0 1 0 0 0 0 0 0 0 0 0 1 0 5 1 4 2 0 0 0 0 0 0 5 0 1 4 2 1 

